2011-09-28 14:11:35.918772650
2011-09-28 14:11:36.018764722
2011-09-28 14:11:36.128824501
2011-09-28 14:11:36.228846029
2011-09-28 14:11:36.328761985
2011-09-28 14:11:36.438782167
2011-09-28 14:11:36.538812324
2011-09-28 14:11:36.639038099
2011-09-28 14:11:36.748825681
2011-09-28 14:11:36.848840552
2011-09-28 14:11:36.948893852
2011-09-28 14:11:37.048862538
2011-09-28 14:11:37.158893451
2011-09-28 14:11:37.258875143
2011-09-28 14:11:37.358886637
2011-09-28 14:11:37.468917165
2011-09-28 14:11:37.568856099
2011-09-28 14:11:37.669016481
2011-09-28 14:11:37.778930278
2011-09-28 14:11:37.878908773
2011-09-28 14:11:37.978945203
2011-09-28 14:11:38.088931733
2011-09-28 14:11:38.189048094
2011-09-28 14:11:38.288987785
2011-09-28 14:11:38.399035772
2011-09-28 14:11:38.499300390
2011-09-28 14:11:38.599137302
2011-09-28 14:11:38.699132041
2011-09-28 14:11:38.809019563
2011-09-28 14:11:38.909051521
2011-09-28 14:11:39.009065967
2011-09-28 14:11:39.119119643
2011-09-28 14:11:39.219080181
2011-09-28 14:11:39.319065647
2011-09-28 14:11:39.429071831
2011-09-28 14:11:39.529099966
2011-09-28 14:11:39.629317738
2011-09-28 14:11:39.739083671
